size:
  width: 640
  height: 480
M1: !!opencv-matrix
  rows: 3
  cols: 3
  dt: d
  data: [2129.619786687963, 0, 194.6913597148132, 0, 2129.619786687963, 254.5470734257748, 0, 0, 1]
M2: !!opencv-matrix
  rows: 3
  cols: 3
  dt: d
  data: [2129.619786687963, 0, 192.9905741490559, 0, 2129.619786687963, 255.3330459815897, 0, 0, 1]
D1: !!opencv-matrix
  rows: 1
  cols: 5
  dt: d
  data: [-0.3602662020569056, 6.349075743842548, 0, 0, -48.67125629593254]
D2: !!opencv-matrix
  rows: 1
  cols: 5
  dt: d
  data: [-0.530398013979122, 13.48094548990451, 0, 0, -146.6499152873182]
R: !!opencv-matrix
  rows: 3
  cols: 3
  dt: d
  data: [0.9990533135500661, -0.0195034377882911, 0.03888563486779552, 0.01963231262378709, 0.9998029594125495, -0.002935072562948166, -0.03882072881432221, 0.003695708909822266, 0.9992393570861682]
P1: !!opencv-matrix
   rows: 3
   cols: 4
   dt: d
   data: [4481.150384, 0.000000, 5122.057648, 0.000000, 0.000000, 4481.150384, -280.469059, 0.000000, 0.000000, 0.000000, 1.000000, 0.000000]
P2: !!opencv-matrix
   rows: 3
   cols: 4
   dt: d
   data: [4481.150384, 0.000000, 5122.057648, 146.724277, 0.000000, 4481.150384, -280.469059, 0.000000, 0.000000, 0.000000, 1.000000, 0.000000]
T: !!opencv-matrix
  rows: 3
  cols: 1
  dt: d
  data: [-0.0134076510132, -5.97269692004447e-05, 0.0005903693934450723]